0,0;1,0;2,0;3,0;4,0;5,0;6,0;7,0;8,0;9,0;10,0;11,0;12,0;13,0;14,0;15,0
15,0;15,1;15,2;15,3;15,4;15,5;15,6;15,7;15,8;15,9;15,10;15,11;15,12;15,13;15,14;15,15
15,15;14,15;13,15;12,15;11,15;10,15;9,15;8,15;7,15;6,15;5,15;4,15;3,15;2,15;1,15;0,15
0,15;0,14;0,13;0,12;0,11;0,10;0,9;0,8;0,7;0,6;0,5;0,4;0,3;0,2;0,1;0,0
15,0;16,0
15,15;15,16
0,15;-1,15
0,0;0,-1
0,8;1,8;2,8;3,8;4,8;5,8;6,8;7,8;8,8;9,8;10,8;11,8;12,8;13,8;14,8;15,8
15,7;14,7;13,7;12,7;11,7;10,7;9,7;8,7;7,7;6,7;5,7;4,7;3,7;2,7;1,7;0,7
15,8;16,8
0,7;-1,7
-1,8;0,8
16,7;15,7