//roads
0,0;1,0;2,0;3,0;4,0;5,0;6,0;7,0;8,0;9,0;10,0;11,0;12,0;13,0;14,0;15,0
15,0;15,1;15,2;15,3;15,4;15,5;15,6;15,7;15,8;15,9;15,10;15,11;15,12;15,13;15,14;15,15
15,15;14,15;13,15;12,15;11,15;10,15;9,15;8,15;7,15;6,15;5,15;4,15;3,15;2,15;1,15;0,15
0,15;0,14;0,13;0,12;0,11;0,10;0,9;0,8;0,7;0,6;0,5;0,4;0,3;0,2;0,1;0,0
//connectors
15,0;16,0
15,15;15,16
0,15;-1,15
0,0;0,-1
//entrance
8,15;8,14
//parking
8,14;8,13;9,13;10,13;11,13;12,13;13,13;13,12;13,11;13,10;12,10;11,10;10,10;9,10;8,10;7,10;6,10;5,10;4,10;3,10;2,10;2,11;2,12;2,13;3,13;4,13;5,13;6,13;7,13;8,13
13,10;13,9;13,8;13,7;12,7;11,7;10,7;9,7;8,7;7,7;6,7;5,7;4,7;3,7;2,7;2,8;2,9;2,10
//exit
7,13;7,14;7,15