//roads
0,0;1,0;2,0;3,0;4,0;5,0;6,0;7,0;8,0;9,0;10,0;11,0;12,0;13,0;14,0;15,0
15,0;15,1;15,2;15,3;15,4;15,5;15,6;15,7;15,8;15,9;15,10;15,11;15,12;15,13;15,14;15,15
15,15;14,15;13,15;12,15;11,15;10,15;9,15;8,15;7,15;6,15;5,15;4,15;3,15;2,15;1,15;0,15
0,15;0,14;0,13;0,12;0,11;0,10;0,9;0,8;0,7;0,6;0,5;0,4;0,3;0,2;0,1;0,0
//connectors
15,0;16,0
15,15;15,16
0,15;-1,15
0,0;0,-1
//entrance
11,15;11,14
//parking
11,14;11,13;11,12;11,11;11,10;11,9;11,8;11,7;11,6;11,5;11,4;11,3;11,2;10,2;9,2;8,2;7,2;6,2;5,2;4,2;4,3;4,4;4,5;4,6;4,7;4,8;4,9;4,10;4,11;4,12;4,13;4,14
//exit
4,14;4,15
//truck parking
4,4;5,4;5,5;5,6;5,7;5,8;5,9;5,10;5,11;5,12;5,13;4,13